0.180819 0.235129 0.584053
0.426924 0.133605 0.43947
0.464686 0.250276 0.285037
0.337893 0.53766 0.124447
0.169544 0.682825 0.147631
0.198993 0.204551 0.596456
0.117494 0.592526 0.28998
0.002944 0.492416 0.50464
0.0 0.0 1.0
0.295575 0.14043 0.563995
0.156079 0.277503 0.566418
0.240484 0.161581 0.597935
0.658809 0.30631 0.034881
0.01022 0.600458 0.389322
0.054482 0.34792 0.597598
0.572997 0.237097 0.189906
0.196312 0.148971 0.654718
0.196129 0.627303 0.176568
0.502845 0.25524 0.241915
0.521087 0.215754 0.263159
0.027454 0.128219 0.844328
0.473051 0.240356 0.286593
0.855431 0.029488 0.115081
0.110515 0.512739 0.376746
0.336267 0.076144 0.587589
0.0 1.0 0.0
0.274406 0.599533 0.126061
0.0 1.0 0.0
0.998634 0.00006 0.001305
0.728622 0.066047 0.205331
0.149829 0.505872 0.344298
0.190545 0.323672 0.485783
0.320848 0.270454 0.408698
0.194045 0.388041 0.417914
0.212679 0.682297 0.105024
0.060713 0.4319 0.507387
0.652323 0.275594 0.072084
0.23238 0.470634 0.296986
0.020264 0.926668 0.053069
0.615472 0.017595 0.366933
